name code 100 88 10000 912.125 100 100 100 3.7858e-270 0
name code 100 100 10000 912.125 100 100 100 3.7858e-270 0
name code 100 100 10000 947.894 100 100 100 3.7858e-270 0
name code 100 100 10000 861.195 100 100 100 3.7858e-270 0
name code 100 100 10000 861.195 100 100 100 3.7858e-270 0
name code 100 100 10000 861.195 100 100 100 3.7858e-270 0
name code 100 100 10000 861.195 100 100 100 3.7858e-270 0
name code 100 100 10000 885.568 100 100 100 3.7858e-270 0
name code 100 100 10000 973.78 100 100 100 3.7858e-270 0
name code 100 100 10000 973.78 100 100 100 3.7858e-270 0
